N-be75eec_150 3434001 3482828 1.40194 529.224
N-be75np_150 7043935 7174325 1.81745 548.296
N-be75oi_150 2223693 2246534 1.01672 628.452
N-be75tot_150 11948924 12287707 2.75709 577.494
N-stabu1_150 2813913 2875732 2.14968 652.414
N-stabu2_150 4240397 4327538 2.01364 579.373
N-stabu3_150 4460253 4510445 1.11279 525.412
N-t59b11xx_150 3165135 3239550 2.29708 657.025
N-t59d11xx_150 1437321 1462697 1.73488 745.537
N-t59f11xx_150 1511231 1543733 2.10542 522.438
N-t59n11xx_150 311752 318960 2.25984 559.52
N-t65b11xx_150 6325503 6453836 1.98848 499.09
N-t65d11xx_150 3476908 3559347 2.31613 618.405
N-t65f11xx_150 3084914 3159326 2.35531 708.108
N-t65l11xx_150 250213 253396 1.25614 442.133
N-t65n11xx_150 537837 550733 2.34161 657.38
N-t69r11xx_150 11551837 11855957 2.56512 567.264
N-t70b11xx_150 9515726 9647229 1.36312 576.429
N-t70d11xn_150 5762574 5825147 1.07419 564.187
N-t70d11xx_150 6039361 6174178 2.18356 586.496
N-t70f11xx_150 5049087 5150097 1.96132 535.282
N-t70l11xx_150 423991 436862 2.94624 524.372
N-t70n11xx_150 924610 948913 2.56114 731.065
N-t74d11xx_150 9194897 9396044 2.14076 550.066
N-t75d11xx_150 9385308 9642140 2.66364 484.285
N-t75e11xx_150 40838524 41570193 1.76008 551.525
N-t75k11xx_150 1520489 1541596 1.36917 557.334
N-t75n11xx_150 1703340 1743094 2.28066 576.46
N-tiw56n54_150 820282 837945 2.10789 620.194
N-tiw56n58_150 1127779 1155392 2.38992 718.289
N-tiw56n62_150 1598283 1626921 1.76026 640.312
N-tiw56n66_150 2057102 2107619 2.39688 561.009
N-tiw56n67_150 2327437 2372926 1.917 595.186
N-tiw56n72_150 4040349 4135907 2.31045 564.185
N-tiw56r54_150 934008 958192 2.52392 563.133
N-tiw56r58_150 1191114 1219295 2.31125 595.397
N-tiw56r66_150 1913495 1940755 1.40461 487.041
N-tiw56r67_150 2015818 2056347 1.97092 574.058
N-tiw56r72_150 2764079 2823758 2.11346 594.343
