N-be75eec_150 3454588 3482828 0.810835 529.026
N-be75np_150 7028441 7174325 2.03342 548.308
N-be75oi_150 2219053 2246534 1.22326 628.144
N-be75tot_150 11930393 12287707 2.9079 577.199
N-stabu1_150 2829622 2875732 1.60342 652.177
N-stabu2_150 4240138 4327538 2.01962 579.255
N-stabu3_150 4445851 4510445 1.4321 525.063
N-t59b11xx_150 3182220 3239550 1.76969 657.055
N-t59d11xx_150 1437837 1462697 1.6996 745.26
N-t59f11xx_150 1511219 1543733 2.10619 522.142
N-t59n11xx_150 312194 318960 2.12127 559.345
N-t65b11xx_150 6283332 6453836 2.6419 499.288
N-t65d11xx_150 3518800 3559347 1.13917 618.331
N-t65f11xx_150 3098751 3159326 1.91734 708.298
N-t65l11xx_150 248874 253396 1.78456 442.398
N-t65n11xx_150 538739 550733 2.17782 657.268
N-t69r11xx_150 11525515 11855957 2.78714 567.163
N-t70b11xx_150 9536937 9647229 1.14325 576.372
N-t70d11xn_150 5686293 5825147 2.3837 564.267
N-t70d11xx_150 6031255 6174178 2.31485 586.241
N-t70f11xx_150 5045226 5150097 2.03629 535.196
N-t70l11xx_150 423591 436862 3.0378 524.107
N-t70n11xx_150 925610 948913 2.45576 731.321
N-t74d11xx_150 9174267 9396044 2.36613 550.113
N-t75d11xx_150 9401150 9642140 2.49934 484.002
N-t75e11xx_150 40816166 41570193 1.81386 551.206
N-t75k11xx_150 1511825 1541596 1.93118 557.094
N-t75n11xx_150 1714122 1743094 1.66428 576.147
N-tiw56n54_150 822057 837945 1.89607 620.366
N-tiw56n58_150 1127701 1155392 2.39668 718.141
N-tiw56n62_150 1587580 1626921 2.41813 640.301
N-tiw56n66_150 2069948 2107619 1.78737 561.177
N-tiw56n67_150 2317556 2372926 2.33341 595.309
N-tiw56n72_150 4044094 4135907 2.2199 564.043
N-tiw56r54_150 933550 958192 2.57172 563.322
N-tiw56r58_150 1194216 1219295 2.05684 595.314
N-tiw56r66_150 1894134 1940755 2.40221 487.277
N-tiw56r67_150 2024545 2056347 1.54653 574.122
N-tiw56r72_150 2760097 2823758 2.25448 594.206
