N-be75eec_150 3454588 3482828 0 19.35
N-be75np_150 7028441 7174325 2 20.0517
N-be75oi_150 2219053 2246534 1 21.5755
N-be75tot_150 11930393 12287707 2 19.0819
N-stabu1_150 2829622 2875732 1 22.375
N-stabu2_150 4240138 4327538 2 19.0814
N-stabu3_150 4445851 4510445 1 17.1301
N-t59b11xx_150 3182220 3239550 1 22.6234
N-t59d11xx_150 1437837 1462697 1 25.4265
N-t59f11xx_150 1511219 1543733 2 19.1924
N-t59n11xx_150 312194 318960 2 18.3672
N-t65b11xx_150 6283332 6453836 2 16.183
N-t65d11xx_150 3518800 3559347 1 19.1515
N-t65f11xx_150 3098751 3159326 1 23.7404
N-t65l11xx_150 248874 253396 1 15.1969
N-t65n11xx_150 538739 550733 2 21.1826
N-t69r11xx_150 11525515 11855957 2 20.6012
N-t70b11xx_150 9536937 9647229 1 20.1983
N-t70d11xn_150 5686293 5825147 2 19.1772
N-t70d11xx_150 6031255 6174178 2 20.1011
N-t70f11xx_150 5045226 5150097 2 18.2021
N-t70l11xx_150 423591 436862 3 17.1031
N-t70n11xx_150 925610 948913 2 25.0427
N-t74d11xx_150 9174267 9396044 2 18.3909
N-t75d11xx_150 9401150 9642140 2 16.0433
N-t75e11xx_150 40816166 41570193 1 18.0629
N-t75k11xx_150 1511825 1541596 1 19.7294
N-t75n11xx_150 1714122 1743094 1 20.3425
N-tiw56n54_150 822057 837945 1 20.1464
N-tiw56n58_150 1127701 1155392 2 24.5671
N-tiw56n62_150 1587580 1626921 2 22.3244
N-tiw56n66_150 2069948 2107619 1 19.3481
N-tiw56n67_150 2317556 2372926 2 20.1136
N-tiw56n72_150 4044094 4135907 2 19.4667
N-tiw56r54_150 933550 958192 2 19.541
N-tiw56r58_150 1194216 1219295 2 20.6225
N-tiw56r66_150 1894134 1940755 2 17.3204
N-tiw56r67_150 2024545 2056347 1 19.0467
N-tiw56r72_150 2760097 2823758 2 22.3871
